00111100000000010001000000000001
00110100001100000000000000000000
00111100000000010001000000000001
10001100001100010000000000100000
00111100000000010001000000000001
10001100001100100000000000100100
00100100000010000000000000000000
00000000000100010110000000100001
00000001000100010000100000101010
00010000001000000000000000001101
00000010001010000100100000100010
00000000000010010100100001000010
00000001001010000100100000100000
00000000000010010101000010000000
00000010000010100101000000100000
10001101010010110000000000000000
00000001011100100000100000101010
00010100001000000000000000000011
00000000000010010110000000100001
00000000000010011000100000100001
00001000000100000000000000001000
00100001001010000000000000000001
00001000000100000000000000001000
00111100000000010001000000000001
10101100001011000000000000101000
00100100000000100000000000000100
00111100000000010001000000000001
00110100001001000000000000101100
00000000000000000000000000001100
00100100000000100000000000000001
00000000000011000010000000100001
00000000000000000000000000001100
00100100000000100000000000001010
00000000000000000000000000001100
